x <- 2+2
x


y <- 3+3
y

z <- 3+3 
z